x31 = 0.000942505
x39 = 0.0001
x48 = 0.02
x54 = 0.0001
x56 = 0.02
x64 = 0.02
x73 = 0.02
x75 = 0.00380782
x79 = 0.02
x86 = 0.0001
x102 = 0.00255032
x110 = 0.00862983
x133 = 0.02
x140 = 0.00890079
x154 = 0.00901458
x175 = 0.02
x184 = 0.02
x201 = 0.02
x207 = 0.02
x231 = 0.0001
x249 = 0.0124166
x267 = 0.0001
x268 = 0.0001
x285 = 0.02
x291 = 0.02
x304 = 0.007254
x305 = 0.0196728
x310 = 0.00168625
x314 = 0.02
x321 = 0.02
x328 = 0.02
x367 = 0.02
x374 = 0.0001
x387 = 0.00926924
x399 = 0.0001
x401 = 0.0102359
x409 = 0.00417079
x422 = 0.02
x436 = 0.0001
x438 = 0.0001
x451 = 0.02
x453 = 0.00269368
x465 = 0.010536
x467 = 0.00977569
x472 = 0.0001
x477 = 0.0001
x480 = 0.00819416
x514 = 0.0001
x520 = 0.0139614
x521 = 0.0102696
x529 = 0.0001
x539 = 0.02
x544 = 0.02
x556 = 0.0001
x559 = 0.0001
x562 = 0.017
x566 = 0.02
x570 = 0.0001
x575 = 0.0001
x578 = 0.0111628
x617 = 0.02
x658 = 0.02
x685 = 0.02
x693 = 0.00271483
x731 = 0.0001
x732 = 0.00856138
x738 = 0.0001
x739 = 0.02
x756 = 0.02
x758 = 0.0102718
x764 = 0.0052924
x765 = 0.02
x778 = 0.02
x795 = 0.02
x801 = 0.0001
x813 = 0.02
x815 = 0.02
x819 = 0.02
x820 = 0.02
x849 = 0.02
x851 = 0.00394228
x857 = 0.02
x859 = 0.0001
x863 = 0.00395655
x865 = 0.0001
x866 = 0.02
x871 = 0.0119755
x873 = 0.0001
x923 = 0.02
x924 = 0.0161726
x927 = 0.00746155
x943 = 0.00510637
